# sma[pix]	I	I_err
  0.50  9.35295942e-02  1.74097023e-03
  1.00  9.24361819e-02  1.79178948e-03
  1.50  9.09981132e-02  1.96347354e-03
  2.00  8.96196040e-02  1.75949906e-03
  2.50  8.84705426e-02  1.69578598e-03
  3.00  8.75674615e-02  1.78293003e-03
  3.50  8.65700323e-02  1.49482384e-03
  4.00  8.52707100e-02  1.23274449e-03
  4.50  8.36974213e-02  1.19111714e-03
  5.00  8.20259096e-02  1.10146169e-03
  5.50  8.04671039e-02  1.08688578e-03
  6.00  7.90155201e-02  1.02230826e-03
  6.50  7.74313337e-02  9.51713024e-04
  7.00  7.57340575e-02  8.91925315e-04
  7.50  7.39879523e-02  6.75083502e-04
  8.00  7.23869221e-02  8.13029858e-04
  8.50  7.10988356e-02  8.15834647e-04
  9.00  6.99666779e-02  7.99626911e-04
  9.50  6.91289550e-02  8.39624107e-04
 10.00  6.84331940e-02  7.48435690e-04
 10.50  6.77168694e-02  7.47972590e-04
 11.00  6.67957714e-02  9.37717087e-04
 11.50  6.55106772e-02  1.03612321e-03
 12.00  6.40030906e-02  9.91712188e-04
 12.50  6.24845795e-02  9.66863381e-04
 13.00  6.13512324e-02  8.28953208e-04
 13.50  6.05690860e-02  7.37539296e-04
 14.00  6.00528294e-02  8.29448402e-04
 14.50  5.96755680e-02  7.79150756e-04
 15.00  5.91584454e-02  7.12374691e-04
 15.50  5.85533064e-02  8.09835393e-04
 16.00  5.77662643e-02  8.03433670e-04
 16.50  5.67961699e-02  8.71744747e-04
 17.00  5.57565696e-02  9.03824587e-04
 17.50  5.46146272e-02  8.52736235e-04
 18.00  5.34301041e-02  1.00350783e-03
 18.50  5.22027024e-02  1.12968360e-03
 19.00  5.09452661e-02  1.24618165e-03
 19.50  4.96495745e-02  1.38767059e-03
 20.00  4.82553301e-02  1.44103349e-03
 20.50  4.66789629e-02  1.37114766e-03
 21.00  4.50510371e-02  1.28503881e-03
 21.50  4.34944987e-02  1.13538976e-03
 22.00  4.22955655e-02  1.06476697e-03
 22.50  4.13948999e-02  7.90833087e-04
 23.00  4.05903482e-02  7.41561482e-04
 23.50  3.95660554e-02  6.47395465e-04
 24.00  3.79962490e-02  8.05608945e-04
 24.50  3.59025974e-02  7.13446527e-04
 25.00  3.35371437e-02  5.10554289e-04
 25.50  3.14382886e-02  2.76194656e-04
 26.00  2.99550238e-02  3.61265888e-04
 26.50  2.92490601e-02  3.95906931e-04
 27.00  2.88858785e-02  3.51439816e-04
 27.50  2.83594064e-02  4.57589959e-04
 28.00  2.74700534e-02  5.22517637e-04
 28.50  2.63058786e-02  4.60159905e-04
 29.00  2.50936196e-02  3.94208230e-04
 29.50  2.40377361e-02  3.29088042e-04
 30.00  2.30843901e-02  4.26876142e-04
 30.50  2.21618376e-02  6.11210553e-04
 31.00  2.13702818e-02  6.52382360e-04
 31.50  2.09292258e-02  6.72926338e-04
 32.00  2.08093977e-02  5.41603149e-04
 32.50  2.08868121e-02  6.12336227e-04
 33.00  2.06490120e-02  7.72122471e-04
 33.50  2.00939484e-02  6.46382652e-04
 34.00  1.93091649e-02  6.40902890e-04
 34.50  1.85749954e-02  5.42029518e-04
 35.00  1.80924719e-02  4.69011787e-04
 35.50  1.76156889e-02  3.78622686e-04
 36.00  1.68757977e-02  3.94069047e-04
 36.50  1.57885676e-02  3.62082235e-04
 37.00  1.46993825e-02  3.28674692e-04
 37.50  1.39662140e-02  4.91172640e-04
 38.00  1.37990939e-02  6.05270360e-04
 38.50  1.38524736e-02  6.26583452e-04
 39.00  1.38199262e-02  6.25818899e-04
 39.50  1.35125564e-02  5.45925275e-04
 40.00  1.30048560e-02  5.31058016e-04
 40.50  1.26204539e-02  4.83538004e-04
 41.00  1.23547238e-02  5.42841381e-04
 41.50  1.21003126e-02  4.86761384e-04
 42.00  1.17195703e-02  7.14070175e-04
 42.50  1.12184251e-02  7.22925539e-04
 43.00  1.07141018e-02  7.39605523e-04
 43.50  1.02555868e-02  7.40029650e-04
 44.00  9.70090562e-03  7.30622226e-04
 44.50  9.06516571e-03  6.24368353e-04
 45.00  8.29354631e-03  7.06019133e-04
 45.50  7.58847893e-03  7.32126392e-04
 46.00  7.08979923e-03  7.18101482e-04
 46.50  6.80818785e-03  6.07881115e-04
 47.00  6.64352789e-03  4.66536308e-04
 47.50  6.43911325e-03  5.70891400e-04
 48.00  6.09318468e-03  4.93482897e-04
 48.50  5.65146265e-03  4.42126539e-04
 49.00  5.13010497e-03  3.67086039e-04
 49.50  4.62009192e-03  4.36744139e-04
 50.00  4.18766171e-03  4.11379241e-04
 50.50  3.91058521e-03  6.58361995e-04
 51.00  3.80244798e-03  7.49965003e-04
 51.50  3.69570693e-03  9.12877261e-04
 52.00  3.45756915e-03  8.30185978e-04
 52.50  3.07497758e-03  5.75384365e-04
 53.00  2.50967231e-03  4.12417870e-04
 53.50  2.06768184e-03  2.73363678e-04
 54.00  1.85524360e-03  1.64139912e-04
 54.50  1.99775519e-03  1.87412633e-04
 55.00  2.38908678e-03  2.13386175e-04
 55.50  2.67642318e-03  2.75656872e-04
 56.00  2.70899371e-03  2.57954010e-04
 56.50  2.38578419e-03  3.11566910e-04
 57.00  1.92497523e-03  4.46512917e-04
 57.50  1.61919141e-03  5.97439256e-04
 58.00  1.56505958e-03  5.99494087e-04
 58.50  1.61923322e-03  5.10392625e-04
 59.00  1.61340752e-03  4.83657438e-04
 59.50  1.52668396e-03  3.82649337e-04
 60.00  1.39443074e-03  3.35329353e-04
 60.50  1.39705497e-03  3.87114422e-04
 61.00  1.45347122e-03  4.20444958e-04
 61.50  1.61065490e-03  4.15024197e-04
 62.00  1.69706716e-03  3.87485244e-04
 62.50  1.88352080e-03  1.99531508e-04
 63.00  2.04951612e-03  2.99688254e-04
 63.50  2.29950906e-03  2.76782313e-04
 64.00  2.35608176e-03  3.81143683e-04
 64.50  2.06065898e-03  4.89346560e-04
 65.00  1.56978922e-03  4.57486743e-04
 65.50  1.30828067e-03  3.74912897e-04
 66.00  1.13130148e-03  4.18370163e-04
 66.50  7.26537301e-04  3.86522185e-04
 67.00  3.45344126e-04  3.58806161e-04
 67.50  7.19758915e-05  3.14214633e-04
 68.00 -1.44898497e-04  2.94956443e-04
 68.50 -4.26607999e-04  3.60081171e-04
 69.00 -7.21724356e-04  3.87441722e-04
 69.50 -9.11082683e-04  3.46768002e-04
 70.00 -7.49439382e-04  2.70190548e-04
 70.50 -3.11551040e-04  4.12829632e-04
 71.00  2.36534511e-04  5.06849610e-04
 71.50  6.28092117e-04  4.33802629e-04
 72.00  5.72306912e-04  3.21419749e-04
 72.50  2.37878135e-04  2.86019988e-04
 73.00 -1.34246466e-04  2.40340665e-04
 73.50 -3.33010473e-04  2.26813191e-04
 74.00 -3.14157011e-04  2.35197863e-04
 74.50 -2.27742802e-04  2.62717520e-04
 75.00 -2.64524559e-04  3.05505316e-04
 75.50 -4.35334990e-04  4.18016775e-04
 76.00 -6.03700385e-04  5.56512460e-04
 76.50 -6.72769628e-04  4.39134602e-04
 77.00 -5.44458771e-04  4.47383681e-04
 77.50 -2.94363810e-04  5.90591407e-04
 78.00 -9.06333184e-05  5.73965556e-04
 78.50 -3.14547771e-06  5.50646946e-04
 79.00 -2.00046742e-05  4.03843696e-04
 79.50 -6.45121107e-05  3.02029959e-04
 80.00 -8.29447288e-05  2.62954409e-04
 80.50 -3.68766731e-06  2.82248124e-04
 81.00  7.78189660e-05  3.20901995e-04
 81.50  1.31528995e-04  4.14743487e-04
 82.00  1.22028907e-04  4.90666311e-04
 82.50 -7.13692967e-06  4.07328549e-04
 83.00 -1.07353660e-04  4.24185810e-04
 83.50 -2.27900437e-04  3.29072029e-04
 84.00 -2.72672268e-04  2.47779760e-04
 84.50 -2.60417722e-04  2.41915475e-04
 85.00 -2.33516095e-04  4.22674535e-04
 85.50 -1.56256857e-04  5.32759334e-04
 86.00 -2.11939459e-05  5.15188391e-04
 86.50  9.84251730e-05  3.91908387e-04
 87.00  2.82137618e-04  3.14306639e-04
 87.50  4.04294553e-04  3.03225426e-04
 88.00  4.52924727e-04  3.80994977e-04
 88.50  3.40934598e-04  4.44908076e-04
 89.00  1.42656867e-04  4.21547789e-04
 89.50 -9.39642333e-05  4.66392751e-04
 90.00 -2.35331770e-04  3.69828810e-04
 90.50 -3.05866486e-04  5.25074318e-04
 91.00 -3.74954476e-04  5.83439133e-04
 91.50 -4.41757315e-04  5.34801652e-04
 92.00 -5.54602124e-04  4.41816416e-04
 92.50 -6.82217195e-04  3.28104696e-04
 93.00 -6.56973018e-04  2.37662776e-04
 93.50 -3.84086362e-04  2.93669270e-04
 94.00  1.97017608e-04  2.50491419e-04
 94.50  9.69804829e-04  2.37343261e-04
 95.00  1.64135478e-03  2.09802311e-04
 95.50  1.87397407e-03  1.66283096e-04
 96.00  1.54178479e-03  1.22595716e-04
 96.50  7.95174391e-04  1.09067584e-04
 97.00 -1.86735164e-05  1.20400667e-04
 97.50 -5.73166698e-04  2.30570440e-04
 98.00 -7.84812798e-04  3.45438073e-04
 98.50 -7.05597301e-04  4.47032250e-04
 99.00 -4.03506355e-04  3.67890294e-04
 99.50 -1.24391562e-04  3.76901157e-04
100.00  3.91776498e-05  2.28106767e-04
100.50 -4.30786017e-05  3.04268443e-04
101.00 -4.47951581e-04  3.12367863e-04
101.50 -8.64069396e-04  2.23515319e-04
102.00 -1.06342834e-03  1.67262938e-04
102.50 -8.60906918e-04  1.91484827e-04
