# sma[pix]	I	I_err
  0.50  1.11069300e-01  2.71838461e-03
  1.00  1.11686248e-01  2.58874241e-03
  1.50  1.12925947e-01  2.74914721e-03
  2.00  1.12981620e-01  2.55608108e-03
  2.50  1.11866858e-01  2.22597557e-03
  3.00  1.10819588e-01  2.27388301e-03
  3.50  1.09622200e-01  2.68373054e-03
  4.00  1.08084534e-01  2.29477124e-03
  4.50  1.06426838e-01  2.73719745e-03
  5.00  1.05400352e-01  2.55017569e-03
  5.50  1.06330977e-01  2.71171122e-03
  6.00  1.07753926e-01  3.13359556e-03
  6.50  1.08541940e-01  4.05634237e-03
  7.00  1.07562992e-01  4.66761423e-03
  7.50  1.05030595e-01  4.76261857e-03
  8.00  1.02910712e-01  4.04448390e-03
  8.50  1.00330786e-01  4.02529061e-03
  9.00  9.81220173e-02  4.29140585e-03
  9.50  9.63839997e-02  3.79075972e-03
 10.00  9.45166756e-02  3.35931348e-03
 10.50  9.28564241e-02  3.27649462e-03
 11.00  9.10883058e-02  3.55747885e-03
 11.50  8.91329138e-02  3.70659743e-03
 12.00  8.70407610e-02  3.55961495e-03
 12.50  8.45101897e-02  3.19351611e-03
 13.00  8.25905177e-02  3.20449524e-03
 13.50  8.15866965e-02  3.19380050e-03
 14.00  8.01514514e-02  3.55921370e-03
 14.50  7.81210310e-02  3.91822593e-03
 15.00  7.58608869e-02  3.90845042e-03
 15.50  7.41119153e-02  3.36601813e-03
 16.00  7.35270381e-02  3.26151465e-03
 16.50  7.41291986e-02  3.56660906e-03
 17.00  7.42650337e-02  3.85098782e-03
 17.50  7.44747540e-02  4.11736874e-03
 18.00  7.58867594e-02  4.26572410e-03
 18.50  7.71039398e-02  4.29770750e-03
 19.00  7.76797233e-02  4.34120860e-03
 19.50  7.82643574e-02  4.54778933e-03
 20.00  7.90060708e-02  5.20220320e-03
 20.50  7.96415867e-02  5.07394651e-03
 21.00  7.96174835e-02  4.66467918e-03
 21.50  7.95422649e-02  4.52457083e-03
 22.00  8.01127709e-02  4.47784870e-03
 22.50  8.08504139e-02  4.81304331e-03
 23.00  8.12364105e-02  4.93286640e-03
 23.50  8.09433040e-02  4.54540328e-03
 24.00  7.90032958e-02  4.82464033e-03
 24.50  7.65788222e-02  4.56485143e-03
 25.00  7.51350048e-02  4.21623199e-03
 25.50  7.34194184e-02  4.36217435e-03
 26.00  7.22681775e-02  4.10775098e-03
 26.50  7.09875165e-02  4.23138757e-03
 27.00  6.88404923e-02  4.35862246e-03
 27.50  6.86736063e-02  3.84040707e-03
 28.00  6.99073554e-02  3.71367897e-03
 28.50  7.10705910e-02  3.55746848e-03
 29.00  7.23420603e-02  3.78062474e-03
 29.50  7.29696783e-02  4.35411802e-03
 30.00  7.39579301e-02  4.97714201e-03
 30.50  7.49255908e-02  5.84869873e-03
 31.00  7.55270692e-02  5.84028989e-03
 31.50  7.72099972e-02  5.55955908e-03
 32.00  7.83470297e-02  5.87113636e-03
 32.50  7.81977458e-02  6.48532943e-03
 33.00  7.77510235e-02  5.72533063e-03
 33.50  7.64293254e-02  5.08576668e-03
 34.00  7.41396761e-02  5.05975309e-03
 34.50  7.16313466e-02  4.78816717e-03
 35.00  6.88164051e-02  4.49056585e-03
 35.50  6.73581817e-02  4.12643507e-03
 36.00  6.71458353e-02  4.46922723e-03
 36.50  6.66740728e-02  4.22089667e-03
 37.00  6.62612253e-02  3.71908546e-03
 37.50  6.52489119e-02  3.35592546e-03
 38.00  6.38509234e-02  3.19740674e-03
 38.50  6.35329444e-02  2.76541255e-03
 39.00  6.39474411e-02  2.53308906e-03
 39.50  6.39083988e-02  3.00486109e-03
 40.00  6.40868209e-02  3.20318315e-03
 40.50  6.45944322e-02  3.34076398e-03
 41.00  6.31151152e-02  2.91857360e-03
 41.50  6.06789459e-02  2.86575070e-03
 42.00  5.90638811e-02  2.63960534e-03
 42.50  5.79673594e-02  2.40989135e-03
 43.00  5.79616783e-02  2.54934759e-03
 43.50  5.84413833e-02  3.66367502e-03
 44.00  5.84530595e-02  3.70567502e-03
 44.50  5.78969995e-02  3.67829899e-03
 45.00  5.62191506e-02  3.53459704e-03
 45.50  5.45422868e-02  3.25621973e-03
 46.00  5.38072364e-02  3.91267395e-03
 46.50  5.33953091e-02  4.32512251e-03
 47.00  5.25252206e-02  4.42061576e-03
 47.50  5.14518859e-02  4.23603439e-03
 48.00  5.12812129e-02  4.22405973e-03
 48.50  5.08844720e-02  3.98619301e-03
 49.00  4.84893568e-02  3.95757400e-03
 49.50  4.55617099e-02  3.18295599e-03
 50.00  4.32597239e-02  2.95505164e-03
 50.50  4.19371394e-02  3.14113285e-03
 51.00  4.09172007e-02  3.32748725e-03
 51.50  3.96195978e-02  2.84844846e-03
 52.00  3.88296161e-02  2.72362657e-03
 52.50  3.82592096e-02  2.85188799e-03
 53.00  3.74811878e-02  2.94837976e-03
 53.50  3.59946918e-02  2.49629345e-03
 54.00  3.46456930e-02  1.95416772e-03
 54.50  3.39967449e-02  1.80691603e-03
 55.00  3.36991683e-02  2.01502094e-03
 55.50  3.34495112e-02  2.35047129e-03
 56.00  3.31585703e-02  1.89190612e-03
 56.50  3.21681606e-02  1.92558240e-03
 57.00  2.97775197e-02  1.71448759e-03
 57.50  2.74354368e-02  1.31026182e-03
 58.00  2.62886047e-02  1.31493814e-03
 58.50  2.55615149e-02  1.54296018e-03
 59.00  2.50384405e-02  1.38508339e-03
 59.50  2.49322349e-02  1.49028398e-03
 60.00  2.47914148e-02  1.20675031e-03
 60.50  2.47475601e-02  1.27440428e-03
 61.00  2.43793545e-02  1.69852824e-03
 61.50  2.32579892e-02  1.74411356e-03
 62.00  2.19305730e-02  2.06193903e-03
 62.50  2.07722857e-02  2.02500363e-03
 63.00  2.02634592e-02  1.61822916e-03
 63.50  2.01764462e-02  1.40202827e-03
 64.00  2.00799210e-02  1.37426937e-03
 64.50  1.99673880e-02  1.25989888e-03
 65.00  1.90969186e-02  1.31870735e-03
 65.50  1.78829831e-02  1.09112699e-03
 66.00  1.70980519e-02  1.01054933e-03
 66.50  1.60175246e-02  9.83151201e-04
 67.00  1.56096298e-02  1.14033891e-03
 67.50  1.58461832e-02  1.44141639e-03
 68.00  1.51411939e-02  1.64238523e-03
 68.50  1.41975994e-02  1.36263977e-03
 69.00  1.36758134e-02  8.92504663e-04
 69.50  1.35713786e-02  1.01020415e-03
 70.00  1.37997842e-02  8.64713293e-04
 70.50  1.32554733e-02  6.89586632e-04
 71.00  1.22370328e-02  6.96297425e-04
 71.50  1.19536933e-02  9.00816799e-04
 72.00  1.19423672e-02  8.53629621e-04
 72.50  1.16475245e-02  7.04964763e-04
 73.00  1.16479982e-02  7.76327261e-04
 73.50  1.09794848e-02  7.12761207e-04
 74.00  9.92651883e-03  8.82165580e-04
 74.50  9.87162791e-03  8.22285007e-04
 75.00  9.72615572e-03  8.58365588e-04
 75.50  8.94806936e-03  8.14539426e-04
 76.00  8.07997257e-03  1.10806082e-03
 76.50  7.26847633e-03  1.04352176e-03
 77.00  6.19839253e-03  1.13239751e-03
 77.50  4.89527993e-03  1.04195627e-03
 78.00  4.75339885e-03  6.98341349e-04
 78.50  5.29924975e-03  7.40127325e-04
 79.00  5.49517072e-03  6.01349908e-04
 79.50  5.41182216e-03  5.47841107e-04
 80.00  4.79444819e-03  5.61854952e-04
 80.50  3.80608260e-03  6.49685969e-04
 81.00  3.58634755e-03  3.88261281e-04
 81.50  4.13394117e-03  3.59959450e-04
 82.00  3.86144064e-03  5.80925674e-04
 82.50  1.86402421e-03  5.73703576e-04
 83.00 -1.64718492e-04  5.92335524e-04
 83.50 -1.29554710e-04  6.70867241e-04
 84.00  8.11468000e-04  6.07591201e-04
 84.50  1.55549165e-03  3.67026577e-04
 85.00  1.84167405e-03  2.19302121e-04
 85.50  1.26845002e-03  3.50600775e-04
 86.00  6.33279708e-04  3.34014303e-04
 86.50  5.53142613e-04  4.63262997e-04
 87.00  5.60427978e-04  5.09189587e-04
 87.50  5.21008534e-04  8.19271179e-04
 88.00  5.75841945e-04  6.40402770e-04
 88.50  3.68193805e-04  4.13996211e-04
 89.00  8.24937577e-05  4.24601576e-04
 89.50  2.17900979e-04  4.56734897e-04
 90.00  3.32781120e-04  6.76860961e-04
 90.50  6.40595356e-04  7.90641794e-04
 91.00  6.89528608e-04  8.17422554e-04
 91.50 -2.06919049e-04  7.10657225e-04
 92.00 -4.98264840e-04  6.31093769e-04
 92.50  3.75373159e-04  7.02802327e-04
 93.00  1.10735969e-03  7.82393514e-04
 93.50  8.70586114e-04  6.93826733e-04
 94.00  2.96334441e-04  7.01895992e-04
 94.50 -5.58786014e-04  8.03125924e-04
 95.00 -1.21779092e-03  7.35828812e-04
 95.50 -1.67266602e-03  6.02152282e-04
 96.00 -2.23279012e-03  9.20384855e-04
 96.50 -1.60269493e-03  9.80583259e-04
 97.00 -4.30629724e-04  8.73646556e-04
 97.50  3.76956200e-04  6.06217822e-04
 98.00  4.72797818e-04  2.43882667e-04
 98.50 -3.05616495e-04  3.12682701e-04
 99.00 -6.76801486e-04  5.96331115e-04
 99.50 -1.97124066e-04  5.84000754e-04
100.00  1.54412875e-04  5.37095425e-04
100.50  4.27339219e-05  5.68938067e-04
101.00 -1.35682916e-04  7.31659407e-04
101.50 -4.83419962e-05  4.82040768e-04
102.00 -3.92984614e-04  5.28450329e-04
102.50 -4.33673501e-04  6.33243851e-04
103.00  1.42453127e-04  6.88736080e-04
103.50 -2.30165421e-04  3.43940382e-04
104.00 -3.78292149e-04  3.87556503e-04
104.50  3.33719850e-04  5.63712182e-04
105.00  6.94955358e-04  4.67637742e-04
105.50  1.22535748e-05  8.19753128e-04
106.00 -1.72984551e-03  7.57744318e-04
106.50 -2.25686860e-03  3.23794271e-04
107.00 -9.79821355e-04  3.26798328e-04
107.50  2.37082077e-04  3.96840635e-04
108.00  2.44503683e-04  3.99993158e-04
108.50 -9.20361396e-05  5.54958858e-04
109.00  1.55909530e-04  8.88851691e-04
109.50  1.37802484e-04  9.53711100e-04
110.00 -1.71596741e-04  4.77362299e-04
110.50 -5.20743722e-04  5.30116037e-04
111.00 -1.00795189e-03  4.12193971e-04
111.50 -1.16531928e-03  5.16535312e-04
112.00 -8.25506913e-04  6.70700794e-04
112.50 -3.61976777e-04  6.40892561e-04
113.00  2.01827028e-04  2.57899707e-04
113.50  3.70612726e-04  4.50701307e-04
114.00 -6.55131024e-05  6.18950619e-04
114.50 -9.40230642e-05  5.63586671e-04
115.00  4.12304805e-04  3.43709677e-04
115.50  6.44588120e-04  5.32935770e-04
116.00  2.24341780e-04  6.85923522e-04
116.50 -8.38802490e-06  8.20260281e-04
117.00  4.16790013e-05  9.70400352e-04
117.50 -3.17627795e-04  7.04418040e-04
118.00  1.88159518e-04  7.56142343e-04
118.50  7.88178935e-04  1.10977917e-03
119.00  3.23446397e-04  1.11191789e-03
119.50  5.26968918e-04  7.50605264e-04
120.00  1.05652937e-03  9.18814821e-04
120.50  1.23583073e-03  8.80722340e-04
121.00  1.42000194e-03  4.67283132e-04
121.50  1.15830903e-03  1.04888423e-03
122.00  8.68657331e-04  5.88124483e-04
122.50  9.34696645e-04  4.71952231e-04
123.00  4.25717948e-04  3.20271403e-04
123.50 -3.82621060e-04  4.77899550e-04
124.00 -1.39290212e-03  7.49598860e-04
124.50 -2.24271565e-03  1.05038301e-03
125.00 -1.83681742e-03  1.18026655e-03
125.50 -1.15504070e-03  8.94559875e-04
126.00 -4.50308072e-04  7.39591908e-04
126.50  3.24202411e-04  6.53914313e-04
127.00  1.70760311e-04  8.32099077e-04
127.50 -5.95652754e-04  9.24085429e-04
128.00 -8.46598673e-04  7.55404666e-04
128.50 -1.00928341e-03  6.82338649e-04
129.00 -6.36358227e-04  5.10892177e-04
129.50  3.60750048e-06  7.18476059e-04
130.00 -6.83239262e-04  6.36751405e-04
130.50 -1.20964010e-03  4.25033030e-04
131.00 -6.83297713e-04  4.08042238e-04
131.50 -2.71941200e-04  6.20692053e-04
132.00  3.29949880e-04  8.14333384e-04
132.50  1.22582002e-03  4.50946522e-04
133.00  1.58006977e-03  2.20319218e-04
133.50  1.57629551e-03  4.48908674e-04
134.00  1.04286710e-03  5.63735503e-04
134.50 -5.80208927e-05  6.33975091e-04
135.00 -5.92357792e-04  6.22876433e-04
135.50 -3.08429634e-04  9.23411395e-04
136.00 -8.81541668e-04  1.23533324e-03
136.50 -1.98109663e-03  1.20048334e-03
137.00 -1.32526608e-03  8.71540470e-04
137.50 -3.31845063e-04  7.95156940e-04
138.00  1.32746910e-03  5.52599036e-04
138.50  2.88565989e-03  8.57448416e-04
139.00  2.42572270e-03  9.28573324e-04
139.50  1.15647266e-03  1.06409493e-03
140.00  2.43845830e-04  4.51651388e-04
140.50 -1.23632669e-04  8.31924379e-04
141.00 -4.49506377e-04  1.12032618e-03
141.50 -4.59266113e-04  8.59061441e-04
142.00 -3.53655956e-04  6.75413384e-04
142.50  1.33845439e-04  6.18092442e-04
143.00  2.45781991e-04  8.86526433e-04
143.50  3.56054641e-04  7.93741207e-04
144.00  5.91372594e-04  7.94607959e-04
144.50  9.70612121e-04  7.04466886e-04
145.00  1.09028132e-03  7.16106136e-04
145.50  2.27393790e-04  5.00579105e-04
146.00 -5.92767629e-04  5.57608980e-04
146.50 -5.69273630e-04  4.12896961e-04
147.00 -2.84427406e-04  6.60654177e-04
147.50  4.24366223e-04  1.04768159e-03
148.00  8.50779194e-04  5.43724750e-04
148.50  1.67766915e-04  4.79590113e-04
149.00 -5.48530533e-04  6.85336688e-04
149.50 -4.28380440e-04  8.66510385e-04
150.00  4.98332032e-04  5.74484280e-04
150.50  1.49923852e-03  6.81389886e-04
151.00  1.72010913e-03  6.96699023e-04
151.50  1.65135343e-03  5.34553968e-04
152.00  1.18595202e-03  5.39121464e-04
152.50  4.70348027e-04  8.01282976e-04
153.00  4.84468638e-04  5.31809835e-04
153.50  3.60462541e-04  4.50054953e-04
154.00 -1.00288242e-04  5.52192841e-04
154.50 -3.41378910e-05  6.37439233e-04
155.00  1.54947638e-04  6.74877839e-04
155.50  3.51772141e-04  5.62202247e-04
156.00  4.48718240e-04  6.93321266e-04
156.50  4.64430624e-04  6.27491447e-04
157.00  1.08309543e-03  6.40000593e-04
157.50  1.71763327e-03  6.88150350e-04
158.00  1.37104574e-03  4.52244986e-04
158.50  6.86068080e-04  4.50403032e-04
159.00  4.15132007e-04  3.55334695e-04
159.50  2.14189677e-04  5.86710234e-04
160.00 -3.44327626e-05  5.00794684e-04
160.50 -3.61517877e-04  4.63546689e-04
161.00 -4.86260747e-04  5.26272473e-04
161.50 -2.54005435e-04  5.34058410e-04
162.00 -1.23468762e-04  6.00509492e-04
162.50 -3.26960912e-04  4.14314043e-04
163.00 -6.41607174e-04  4.44553478e-04
163.50 -8.28240420e-04  6.54996476e-04
164.00 -7.49285867e-04  8.20355880e-04
164.50 -7.85863269e-04  8.61401652e-04
165.00 -8.89921211e-04  5.73340187e-04
165.50 -6.31739783e-04  6.43646543e-04
166.00 -7.41825669e-04  6.64521240e-04
166.50 -1.47220110e-03  4.59634320e-04
167.00 -1.42797371e-03  7.68389569e-04
167.50 -3.68766912e-04  4.63209339e-04
168.00 -2.01785520e-04  4.30300636e-04
168.50 -7.39340841e-04  4.94538158e-04
169.00 -6.86979542e-04  8.09762490e-04
169.50  9.48969305e-05  6.31322479e-04
170.00  1.33088233e-03  5.80381640e-04
170.50  1.24691881e-03  7.73885657e-04
171.00  2.76884090e-04  9.63461418e-04
171.50  4.87299448e-04  8.39934804e-04
172.00  1.35216683e-03  6.03529057e-04
172.50  2.18292496e-03  6.82085994e-04
173.00  2.05536004e-03  8.69591494e-04
173.50 -2.39330260e-04  6.36535374e-04
174.00 -2.35435444e-03  7.67554099e-04
174.50 -2.52711046e-03  6.60847996e-04
175.00 -1.94380398e-03  6.69950882e-04
175.50 -3.87844935e-04  3.13074808e-04
176.00  6.57081333e-04  4.44548964e-04
176.50 -3.53144458e-04  4.07306347e-04
177.00 -9.34148049e-04  3.99803121e-04
177.50  2.97131419e-04  4.53793415e-04
178.00  1.30856183e-03  6.24526081e-04
178.50  7.29643881e-04  5.80976348e-04
179.00  9.37974159e-05  6.85277296e-04
179.50  1.69383010e-05  1.19190572e-03
180.00 -6.04307934e-04  1.10375615e-03
180.50 -1.07465169e-03  6.36471557e-04
181.00 -1.09398886e-03  8.58574259e-04
181.50 -1.31755119e-03  1.12702448e-03
182.00 -9.38935489e-04  7.96839608e-04
182.50  4.47422879e-04  1.09828403e-03
183.00  7.94468331e-04  1.22209497e-03
183.50 -2.81191702e-04  7.08674507e-04
184.00 -1.01971908e-03  5.22872592e-04
184.50 -9.92713006e-04  6.31934075e-04
185.00 -4.59327418e-04  8.10266222e-04
185.50  2.96490051e-04  6.12913520e-04
186.00  6.53551383e-04  4.31288398e-04
186.50  1.27717523e-03  4.61831482e-04
